Measure:volume	f046	f047	f048	f050	f052	f054	f056	f147	f149	f152	f249	f252	f349
Left-Lateral-Ventricle	0.548989	0.398542	0.536825	0.507587	0.511957	0.583127	0.59114	0.787271	0.351826	0.780232	0.305822	0.478014	0.70684
Left-Inf-Lat-Vent	0.0147246	0.0334874	0.0137612	0.0169689	0.0188626	0.0259546	0.0215163	0.0336628	0.00953653	0.0255315	0.00298165	0.0107804	0.00694213
Left-Cerebellum-White-Matter	0.938475	0.891136	0.952304	1.13801	1.0976	1.82407	0.927383	1.18236	0.871413	0.917525	1.27335	2.4814	1.92223
Left-Cerebellum-Cortex	3.6468	3.37096	2.98741	4.07809	3.95956	3.3029	3.31258	3.38894	3.42352	4.23234	3.66076	4.23295	4.19073
Left-Thalamus-Proper	0.519162	0.522285	0.618914	0.571685	0.593248	0.593467	0.503728	0.566976	0.514191	0.45644	0.628606	0.627161	0.581508
Left-Caudate	0.249414	0.184785	0.283495	0.271464	0.264815	0.235478	0.218947	0.25525	0.234843	0.225549	0.266492	0.236861	0.258726
Left-Putamen	0.291064	0.296197	0.279867	0.379467	0.303532	0.27806	0.301666	0.298676	0.31982	0.314893	0.338295	0.333014	0.319003
Left-Pallidum	0.131815	0.111734	0.100015	0.153714	0.155524	0.115651	0.133164	0.139261	0.134627	0.119566	0.123664	0.127908	0.132662
3rd-Ventricle	0.0655442	0.0479736	0.0524881	0.0446182	0.061088	0.0711817	0.089694	0.0723562	0.0549953	0.0616431	0.0500782	0.0667884	0.0806156
4th-Ventricle	0.114203	0.0766117	0.135642	0.0825612	0.175672	0.163979	0.129711	0.137595	0.128307	0.0907968	0.0805588	0.10457	0.154068
Brain-Stem	1.27655	1.34379	1.23737	1.46435	1.45673	1.18472	1.32327	1.37632	1.33762	1.34407	1.57892	1.61235	1.6105
Left-Hippocampus	0.267814	0.285947	0.270219	0.292825	0.314399	0.267457	0.281611	0.27996	0.273624	0.243321	0.267732	0.258372	0.274629
Left-Amygdala	0.0963583	0.0813062	0.087036	0.112926	0.0873848	0.0909261	0.105697	0.0894284	0.0991274	0.103533	0.0853565	0.0838728	0.0870624
CSF	0.0897195	0.0722268	0.070805	0.0646972	0.0656224	0.0797972	0.0864019	0.0663163	0.0567898	0.0608613	0.0599447	0.0722571	0.082574
Left-Accumbens-area	0.0146492	0.0171246	0.0318463	0.0218236	0.0239236	0.0171613	0.016898	0.0174468	0.0332561	0.0198636	0.0170428	0.0205684	0.0193176
Left-VentralDC	0.290563	0.251828	0.275536	0.312062	0.292302	0.268045	0.281463	0.30626	0.274002	0.261543	0.288637	0.291499	0.292591
Left-vessel	0.000267471	0.000935195	0.000927071	0.000318593	0.000629209	0.000549099	0.00317763	0.000298171	0	0	0.000636989	0.00104234	0.00121163
Left-choroid-plexus	0.0413278	0.0266252	0.0316797	0.027217	0.0413773	0.026813	0.0304702	0.0498328	0.0214636	0.0569915	0.0215763	0.0232028	0.0309691
Right-Lateral-Ventricle	0.540299	0.375521	0.486929	0.408793	0.523208	0.594457	0.652545	0.817417	0.344347	0.348926	0.275945	0.427289	0.505785
Right-Inf-Lat-Vent	0.00716001	0.0394516	0.011458	0.0140712	0.0102999	0.0317394	0.0210383	0.0312927	0.0181822	0.0109449	0.0123264	0.00781042	0.0063325
Right-Cerebellum-White-Matter	0.869063	0.965208	0.777037	1.2821	1.10616	1.5194	1.03424	1.365	1.12947	1.01157	1.36959	1.76271	1.50497
Right-Cerebellum-Cortex	3.58299	3.32152	2.93805	3.81445	3.84052	3.35598	3.28751	3.10033	3.37646	4.32747	3.57452	4.28309	4.27198
Right-Thalamus-Proper	0.421885	0.440235	0.456792	0.535684	0.572977	0.500175	0.459154	0.446691	0.431381	0.392211	0.575032	0.601988	0.506379
Right-Caudate	0.255127	0.218204	0.228617	0.268665	0.285442	0.262167	0.230533	0.201006	0.213732	0.203092	0.249395	0.259615	0.257011
Right-Putamen	0.33495	0.316982	0.319274	0.359222	0.367287	0.367594	0.315743	0.339701	0.389844	0.314906	0.370694	0.403679	0.327522
Right-Pallidum	0.130286	0.128679	0.1176	0.167102	0.165373	0.141876	0.135904	0.138206	0.138901	0.144909	0.145023	0.129836	0.14942
Right-Hippocampus	0.282717	0.290536	0.247991	0.291027	0.322305	0.275377	0.280702	0.274784	0.264229	0.258625	0.271791	0.271359	0.28971
Right-Amygdala	0.115246	0.106662	0.105599	0.139089	0.108299	0.104615	0.125301	0.106546	0.117771	0.10597	0.0929259	0.101828	0.118786
Right-Accumbens-area	0.0272409	0.0258696	0.0309989	0.0274445	0.026632	0.0194737	0.0268415	0.0244959	0.0390946	0.0296554	0.0292879	0.0253803	0.0251243
Right-VentralDC	0.250641	0.246278	0.214588	0.254253	0.2946	0.225231	0.267655	0.258843	0.245123	0.257543	0.260739	0.239267	0.241618
Right-vessel	0	0.00125106	0.00104295	0.000508232	0	0.00120647	0.00232263	0.00178138	0.00112798	0	0.000691201	0.000649679	0.00134118
Right-choroid-plexus	0.0325424	0.0312454	0.0206491	0.0262764	0.0365283	0.0602694	0.0401243	0.0498634	0.0233927	0.0357728	0.0210071	0.0251019	0.0301232
5th-Ventricle	0	0	0	0	0.000129945	0	0.00035681	0	0	0	0	0	0
WM-hypointensities	0.0357314	0.0307995	0.0820458	0.0512556	0.117881	0.0325592	0.0534677	0.0376384	0.0227454	0.10638	0.0278039	0.0357823	0.0500809
Left-WM-hypointensities	0	0	0	0	0	0	0	0	0	0	0	0	0
Right-WM-hypointensities	0	0	0	0	0	0	0	0	0	0	0	0	0
non-WM-hypointensities	0	0	0	0	0	0	0	0	0	0	0	0	0
Left-non-WM-hypointensities	0	0	0	0	0	0	0	0	0	0	0	0	0
Right-non-WM-hypointensities	0	0	0	0	0	0	0	0	0	0	0	0	0
Optic-Chiasm	0.0139222	0.0101695	0.0152532	0.00746419	0.0194576	0.0117553	0.0106302	0.0158795	0.0134268	0.0146453	0.0147388	0.0173557	0.0086186
CC_Posterior	0.07291	0.0846568	0.0795687	0.0898281	0.0741304	0.099093	0.0805179	0.0951166	0.087822	0.0712263	0.0766759	0.0776116	0.090743
CC_Mid_Posterior	0.0329813	0.0474162	0.0354605	0.0456575	0.0441472	0.0517931	0.0354858	0.0607199	0.0525791	0.0323069	0.0446163	0.0446137	0.0484425
CC_Central	0.0438105	0.052693	0.0373943	0.0510356	0.0350716	0.0593413	0.0359772	0.0434642	0.0618272	0.0275511	0.0549301	0.0675595	0.0594158
CC_Mid_Anterior	0.0401413	0.0488221	0.037655	0.0445196	0.0349143	0.0588386	0.0413159	0.0588162	0.0501245	0.0331538	0.0598702	0.03474	0.050058
CC_Anterior	0.0645429	0.0705732	0.0587386	0.0587198	0.0576547	0.0827824	0.0548276	0.0824252	0.0658008	0.0564052	0.0690726	0.0644253	0.0773083
BrainSegVol	75.7566	77.1183	71.4389	77.2668	77.0605	75.465	73.9916	74.6589	73.9966	73.9511	75.6076	80.5218	77.5961
BrainSegVolNotVent	74.333	76.0576	70.1041	76.1347	75.6561	73.865	72.3818	72.6521	73.0322	72.5239	74.8118	79.363	76.0241
BrainSegVolNotVentSurf	74.2573	75.9669	70.0368	76.0239	75.6399	73.7523	72.277	72.5447	72.9745	72.4738	74.7578	79.2788	75.9596
lhCortexVol	15.1878	15.411	15.1644	15.966	14.1648	15.1286	15.4521	13.9166	14.4139	14.3337	15.6799	15.4667	15.1494
rhCortexVol	15.353	15.3121	15.2276	15.8076	14.2065	15.2965	15.5554	14.0331	14.2202	14.3306	15.6068	15.5619	14.993
CortexVol	30.5408	30.7231	30.3919	31.7736	28.3713	30.425	31.0074	27.9498	28.6341	28.6643	31.2868	31.0286	30.1424
lhCerebralWhiteMatterVol	15.3816	16.5873	13.9723	14.7086	16.4651	14.6265	14.4123	15.6491	15.8512	14.7868	14.6284	15.6371	14.9766
rhCerebralWhiteMatterVol	15.4312	16.4741	14.1927	14.8743	16.3399	14.769	14.4932	15.8998	15.8727	14.8804	14.8411	15.5928	14.8214
CerebralWhiteMatterVol	30.8128	33.0615	28.165	29.5829	32.805	29.3955	28.9056	31.549	31.7239	29.6672	29.4695	31.2299	29.798
SubCortGrayVol	3.79425	3.62589	3.79179	4.2998	4.29066	3.86913	3.78205	3.85115	3.81019	3.54522	4.09631	4.11904	3.9926
TotalGrayVol	41.7342	41.114	40.2345	44.0845	40.7275	41.0755	41.4783	38.5102	39.3043	40.967	42.6583	43.889	42.737
SupraTentorialVol	66.5769	68.4777	63.6082	66.8984	66.977	65.245	65.226	65.4228	65.0476	63.4076	65.6208	67.5972	65.4788
SupraTentorialVolNotVent	65.4151	67.6072	62.523	65.9452	65.865	63.9513	63.9074	63.682	64.3187	62.1841	65.0111	66.6668	64.2175
SupraTentorialVolNotVentVox	65.2108	67.4947	62.4021	65.7619	65.4659	63.7919	63.7927	63.4474	64.2139	61.9122	64.8973	66.4501	63.9904
MaskVol	107.473	104.525	99.8912	115.038	109.09	105.826	106.74	104.565	103.399	105.431	106.815	113.896	108.251
BrainSegVol-to-eTIV	0.757566	0.771183	0.714389	0.772668	0.770605	0.75465	0.739916	0.746589	0.739966	0.739511	0.756076	0.805218	0.775961
MaskVol-to-eTIV	1.07473	1.04525	0.998912	1.15038	1.0909	1.05826	1.0674	1.04565	1.03399	1.05431	1.06815	1.13896	1.08251
lhSurfaceHoles	64	44	101	34	56	58	48	23	41	74	36	60	54
rhSurfaceHoles	79	69	103	52	54	57	40	31	48	49	61	43	80
SurfaceHoles	143	113	204	86	110	115	88	54	89	123	97	103	134
EstimatedTotalIntraCranialVol	100	100	100	100	100	100	100	100	100	100	100	100	100
